Control points
[0.023196489734264823, -0.013403853963480098, 0.02682202550820625]
[0.028111705944771106, -0.01618392065993564, 0.020349983864014595]
[0.031704015589353526, -0.01822547997354065, 0.005618751257872331]
[0.031946099370970336, -0.01841780841759994, -0.00968415748934116]
[0.03010251653862547, -0.017379696026860642, -0.023915735109367186]
[0.028266894793937503, -0.016319899318434732, -0.030053939346070067]
[0.025334557245450275, -0.009246605774539457, 0.02682202550820625]
[0.0315063369041238, -0.010918916948834944, 0.019841412217628574]
[0.03624228094629597, -0.012270594308147113, 0.0038785808612014348]
[0.03585435406087162, -0.01230721802112799, -0.012671388193321188]
[0.03284909784393611, -0.011558431939580179, -0.02770206257579902]
[0.030145051868819196, -0.010808013760044687, -0.03389448867078192]
[0.026507361008299406, 0.001042850276359103, 0.026822025508206254]
[0.03422071013343821, 0.0017037802316082333, 0.01934389644298067]
[0.03874978018646152, 0.002072939991852267, 0.0018666106311757379]
[0.0362854046159812, 0.001770146459025709, -0.015730832329869094]
[0.03315465200693075, 0.0013997966475780698, -0.031585814447670675]
[0.029346707777596605, 0.001100191477070512, -0.037502604552511726]
[0.023562966073022894, 0.011307194120376436, 0.026822025508206254]
[0.03055402794927056, 0.014677270281853729, 0.01933500981457071]
[0.034468611559810416, 0.016445310172446225, 0.0019754285976125293]
[0.03187094606384079, 0.01507577473983312, -0.015498638036488809]
[0.028784911848865204, 0.01378739531691135, -0.03120568260114671]
[0.02554491560170484, 0.012404353491324172, -0.03711980075995009]
[0.01733487899603935, 0.01949722023154885, 0.02682202550820625]
[0.021471859036595188, 0.023975987880279916, 0.01984553789989197]
[0.024737238612482292, 0.027705299099687594, 0.004089389603247359]
[0.023454717331594828, 0.026619233552113233, -0.01220618155755855]
[0.021192865846040514, 0.024488645834613725, -0.02697018515076802]
[0.019159309409391694, 0.022380398776816534, -0.03285676932993598]
[0.013166341468273375, 0.022155088932525574, 0.02682202550820625]
[0.015505774833562429, 0.02640519610910489, 0.020302152031025148]
[0.017790396744141755, 0.030628310023536092, 0.005818778026194635]
[0.017483820082584808, 0.030221011018721416, -0.00934114335324425]
[0.01615907787768255, 0.027988343887608562, -0.023253562930387325]
[0.01503388932473, 0.02603946014579972, -0.029119171820216623]
[0.013166341468273375, 0.022155088932525574, 0.02682202550820625]
[0.015505774833562429, 0.02640519610910489, 0.020302152031025148]
[0.017790396744141755, 0.030628310023536092, 0.005818778026194635]
[0.017483820082584808, 0.030221011018721416, -0.00934114335324425]
[0.01615907787768255, 0.027988343887608562, -0.023253562930387325]
[0.01503388932473, 0.02603946014579972, -0.029119171820216623]
[0.009158295522429333, 0.024710627847691506, 0.02682202550820625]
[0.010578435575151954, 0.029153329837443915, 0.01978094796705193]
[0.011992563904813194, 0.03372352936750156, 0.0041001296275535596]
[0.01174996038928207, 0.0330205058179377, -0.01215699784296556]
[0.010710002439732193, 0.029638310540240003, -0.026608335330499625]
[0.0099601284383348, 0.027121836228868424, -0.0325077137316052]
[-0.001054215184869109, 0.026419589897069773, 0.026822025508206254]
[-0.0012570511857717974, 0.03048141851255282, 0.019144374048890297]
[-0.0013977698824769122, 0.03558128243921631, 0.002156032388326757]
[-0.0011045430184567497, 0.03407658187227775, -0.015281043920138543]
[-0.0009871149374354946, 0.030105581929233224, -0.030479393843746608]
[-0.0010221806306396433, 0.027388838270646497, -0.036519662332802405]
[-0.012042013410533755, 0.02372359353092218, 0.026822025508206254]
[-0.013379266928668233, 0.026872104264863944, 0.019119049545853282]
[-0.015236005175080792, 0.031433300403359885, 0.0022731951615148614]
[-0.014020448788905902, 0.02947094938199859, -0.014991947976794569]
[-0.013047430512940859, 0.026754965781033875, -0.030531017258319117]
[-0.012292396793817398, 0.024374778952282055, -0.036522084597523534]
[-0.020726478361529917, 0.017107992488541425, 0.02682202550820625]
[-0.022696592469943, 0.01913965864386773, 0.01967978649434415]
[-0.025783302796126187, 0.02218158279764107, 0.00433128312898894]
[-0.02369698240816542, 0.02048885542587615, -0.01149037650899256]
[-0.02234825144607047, 0.01923695172861789, -0.026166636362621475]
[-0.02117239693861282, 0.018112306942063346, -0.032175353959480985]
[-0.023128159944127803, 0.012601339723329162, 0.02682202550820625]
[-0.0256051114212972, 0.014205582507718757, 0.02020128944549582]
[-0.028841204344247442, 0.016344129563857144, 0.006028529209961634]
[-0.026777989326529892, 0.015357830170013246, -0.008714385919701282]
[-0.02506425242413182, 0.014470852884109256, -0.02241756807582077]
[-0.024061263330377215, 0.013891776860835765, -0.028288999700756556]
[-0.012951055521331415, -0.020620422843832843, 0.02682202550820625]
[-0.015672518354422543, -0.025649773761277087, 0.020379849467076366]
[-0.017149777193494926, -0.028918387703136924, 0.006022097872354864]
[-0.015559840250106281, -0.02668846795934522, -0.008739249907494485]
[-0.01479474288333882, -0.02562524635886092, -0.022618860989318024]
[-0.014332211116519177, -0.024824117838614757, -0.02860914001187499]
[-0.01738818151064267, -0.018371383421244846, 0.02682202550820625]
[-0.02118462474859253, -0.023110619746764628, 0.019931438964280915]
[-0.0231054439175681, -0.02604911662885989, 0.004385053265359778]
[-0.02035226671052281, -0.02348391036685708, -0.011409698532368954]
[-0.019131031000849685, -0.022522336696754384, -0.026174068030424175]
[-0.018335716354247814, -0.021714258163007497, -0.032358219891085664]
[-0.024046385256772246, -0.010963119176393175, 0.026822025508206254]
[-0.029493382218982324, -0.014263775155410902, 0.01945066009691286]
[-0.031897238854102575, -0.016088858201905466, 0.0024684997110125642]
[-0.027570731244154132, -0.014156781143237774, -0.014520127416088876]
[-0.02575296624327194, -0.013506318293372377, -0.03028033667402458]
[-0.024551386951661803, -0.013019928260744476, -0.036705997352449594]
[-0.026647090559588114, -0.001777654352227838, 0.026822025508206254]
[-0.03240283389585107, -0.002159956915790845, 0.019396173383421998]
[-0.03528261999140007, -0.002365494071596882, 0.0024680541143353094]
[-0.030610689182735955, -0.0020151184573319065, -0.014480675951823285]
[-0.028353731975033433, -0.0017135976606669485, -0.030064934996123456]
[-0.02718008488064673, -0.001533891877174586, -0.03648353983676357]
[-0.02546711586877882, 0.00821238897235736, 0.02682202550820625]
[-0.02901607103331291, 0.00943400266078074, 0.01975269112793271]
[-0.032089229412727883, 0.010828050617235494, 0.004380840097931394]
[-0.028913256813882942, 0.010044485652266746, -0.011326558464524995]
[-0.026680745809267405, 0.009498618002648972, -0.025771587034649455]
[-0.025566569814383756, 0.009171521726024744, -0.03184037785173685]
[-0.023128159944127803, 0.012601339723329162, 0.02682202550820625]
[-0.0256051114212972, 0.014205582507718757, 0.02020128944549582]
[-0.028841204344247442, 0.016344129563857144, 0.006028529209961634]
[-0.026777989326529892, 0.015357830170013246, -0.008714385919701282]
[-0.02506425242413182, 0.014470852884109256, -0.02241756807582077]
[-0.024061263330377215, 0.013891776860835765, -0.028288999700756556]
[0.023196489734264823, -0.013403853963480098, 0.02682202550820625]
[0.028111705944771106, -0.01618392065993564, 0.020349983864014595]
[0.031704015589353526, -0.01822547997354065, 0.005618751257872331]
[0.031946099370970336, -0.01841780841759994, -0.00968415748934116]
[0.03010251653862547, -0.017379696026860642, -0.023915735109367186]
[0.028266894793937503, -0.016319899318434732, -0.030053939346070067]
[0.021018206852125035, -0.017639296726349233, 0.02682202550820625]
[0.02555597649042894, -0.02161121707621577, 0.019874031991759338]
[0.0281163616721432, -0.02387548256348311, 0.003829506648687698]
[0.02805132005712428, -0.023987210564017716, -0.01257519759057536]
[0.026061295357258825, -0.022129770844032615, -0.027472647956145728]
[0.02425606165965634, -0.02036623291432137, -0.03370434982051619]
[0.013334109990467373, -0.02402364328262154, 0.026822025508206254]
[0.01622785826332287, -0.029888349601023927, 0.019411747244860427]
[0.016948918805897484, -0.031373031740558006, 0.001849065866750051]
[0.016816015812147048, -0.03072423784417945, -0.01557033329947802]
[0.015450503710940608, -0.028435551924516644, -0.031302245250761376]
[0.013909702858092452, -0.025947113410558623, -0.03751801368312118]
[0.003011504980947973, -0.02583060371075414, 0.026822025508206254]
[0.0030522618918895485, -0.03280790313184997, 0.01945605742532566]
[0.0031370617802311254, -0.03401566778160876, 0.0020796897911060305]
[0.003305005107095258, -0.032398118650134526, -0.015050680510195383]
[0.002713810543622424, -0.03068636346690254, -0.03099471288740127]
[0.00204231475471844, -0.02844231236449976, -0.03717854878763103]
[-0.008159808854518471, -0.023048954885285716, 0.02682202550820625]
[-0.010133513545664715, -0.02918329601409765, 0.01989362807418846]
[-0.011038547291170483, -0.032035615256648546, 0.004261989082970201]
[-0.010003293589506405, -0.02927884463383716, -0.011466456134760862]
[-0.009751023097739363, -0.02828599239510438, -0.026367855091538443]
[-0.009433934714653458, -0.0270867056701108, -0.032559555074197784]
[-0.012951055521331415, -0.020620422843832843, 0.02682202550820625]
[-0.015672518354422543, -0.025649773761277087, 0.020379849467076366]
[-0.017149777193494926, -0.028918387703136924, 0.006022097872354864]
[-0.015559840250106281, -0.02668846795934522, -0.008739249907494485]
[-0.01479474288333882, -0.02562524635886092, -0.022618860989318024]
[-0.014332211116519177, -0.024824117838614757, -0.02860914001187499]
[0.028266894793937503, -0.016319899318434732, -0.030053939346070067]
[0.02425606165965634, -0.02036623291432137, -0.03370434982051619]
[0.013909702858092452, -0.02594711341055862, -0.03751801368312118]
[0.0020423147547184405, -0.02844231236449976, -0.03717854878763102]
[-0.009433934714653458, -0.0270867056701108, -0.032559555074197784]
[-0.014332211116519177, -0.024824117838614757, -0.02860914001187499]
[0.030145051868819196, -0.010808013760044687, -0.03389448867078192]
[0.025841999353665632, -0.014754589748866434, -0.040807786283293554]
[0.013187035436505996, -0.021021124015483648, -0.04877895681431828]
[-0.0012919965041247945, -0.024538198179291523, -0.04900544349678203]
[-0.013520861840833957, -0.02402933335440962, -0.04033637650025604]
[-0.018335716354247814, -0.021714258163007497, -0.032358219891085664]
[0.029346707777596605, 0.001100191477070512, -0.037502604552511726]
[0.023665300776407952, -0.0013473794224155443, -0.04741762377312649]
[0.011151533730640295, -0.007871382699483202, -0.06425882847513058]
[-0.008273649838074212, -0.014094873813350856, -0.06658082215359128]
[-0.021245708853736018, -0.014638270838168344, -0.05029903578464389]
[-0.024551386951661803, -0.013019928260744476, -0.036705997352449594]
[0.02554491560170484, 0.012404353491324172, -0.03711980075995009]
[0.01973846996797785, 0.011424724500164931, -0.0470131827823825]
[0.006493934109632111, 0.011364268277527532, -0.06554738178614603]
[-0.013825421694319303, 0.006480327830453812, -0.06651845856892934]
[-0.025133102001796383, 0.001019572884071878, -0.0499790676691375]
[-0.02718008488064673, -0.001533891877174586, -0.03648353983676357]
[0.019159309409391694, 0.022380398776816534, -0.03285676932993598]
[0.013621391619245646, 0.02285441733298667, -0.039184697574745304]
[0.000776005278040328, 0.022890587181105624, -0.0475613281038999]
[-0.012902165138435647, 0.0192360875470649, -0.04795838370091491]
[-0.022603046935676375, 0.01321388112065116, -0.03953262157807788]
[-0.025566569814383756, 0.009171521726024744, -0.03184037785173685]
[0.01503388932473, 0.02603946014579972, -0.029119171820216623]
[0.0099601284383348, 0.027121836228868424, -0.0325077137316052]
[-0.0010221806306396433, 0.027388838270646497, -0.036519662332802405]
[-0.012292396793817398, 0.024374778952282055, -0.036522084597523534]
[-0.02117239693861282, 0.018112306942063346, -0.032175353959480985]
[-0.024061263330377215, 0.013891776860835765, -0.028288999700756556]

Weights
1.0
0.9682447489960234
0.9364894979920468
0.9364894979920468
0.9682447489960234
1.0
0.9267766952966369
0.8950917024128242
0.8662584946876826
0.8719620650050243
0.9122024133648495
0.9495909765660039
0.8535533905932737
0.8219386558296251
0.7960274913833183
0.8074346320180017
0.8561600777336756
0.8991819531320078
0.8535533905932737
0.8219386558296251
0.7960274913833183
0.8074346320180017
0.8561600777336756
0.8991819531320078
0.9267766952966369
0.8950917024128242
0.8662584946876826
0.8719620650050243
0.9122024133648495
0.9495909765660039
1.0
0.9682447489960234
0.9364894979920468
0.9364894979920468
0.9682447489960234
1.0
1.0
0.9682447489960234
0.9364894979920468
0.9364894979920468
0.9682447489960234
1.0
0.9267766952966369
0.8950917024128231
0.8662584946876801
0.8719620650050217
0.9122024133648479
0.9495909765660032
0.8535533905932737
0.8219386558296229
0.7960274913833135
0.8074346320179966
0.8561600777336723
0.8991819531320064
0.8535533905932737
0.8219386558296229
0.7960274913833135
0.8074346320179966
0.8561600777336723
0.8991819531320064
0.9267766952966369
0.8950917024128231
0.8662584946876801
0.8719620650050217
0.9122024133648479
0.9495909765660032
1.0
0.9682447489960234
0.9364894979920468
0.9364894979920468
0.9682447489960234
1.0
1.0
0.9682447489960234
0.9364894979920468
0.9364894979920468
0.9682447489960234
1.0
0.9267766952966369
0.8950917024128238
0.8662584946876816
0.8719620650050233
0.9122024133648488
0.9495909765660036
0.8535533905932737
0.8219386558296242
0.7960274913833163
0.8074346320179996
0.8561600777336742
0.8991819531320071
0.8535533905932737
0.8219386558296242
0.7960274913833163
0.8074346320179996
0.8561600777336742
0.8991819531320071
0.9267766952966369
0.8950917024128238
0.8662584946876816
0.8719620650050233
0.9122024133648488
0.9495909765660036
1.0
0.9682447489960234
0.9364894979920468
0.9364894979920468
0.9682447489960234
1.0
1.0
0.9682447489960234
0.9364894979920468
0.9364894979920468
0.9682447489960234
1.0
0.9267766952966369
0.8950917024128249
0.8662584946876837
0.8719620650050254
0.9122024133648501
0.949590976566004
0.8535533905932737
0.8219386558296262
0.7960274913833204
0.8074346320180039
0.8561600777336769
0.899181953132008
0.8535533905932737
0.8219386558296262
0.7960274913833204
0.8074346320180039
0.8561600777336769
0.899181953132008
0.9267766952966369
0.8950917024128249
0.8662584946876837
0.8719620650050254
0.9122024133648501
0.949590976566004
1.0
0.9682447489960234
0.9364894979920468
0.9364894979920468
0.9682447489960234
1.0
1.0
0.949590976566004
0.899181953132008
0.899181953132008
0.949590976566004
1.0
0.9495909765660039
0.8857861513790596
0.8219813261921152
0.8219813261921152
0.8857861513790594
0.9495909765660036
0.8991819531320078
0.8219813261921151
0.7447806992522223
0.7447806992522221
0.8219813261921146
0.8991819531320071
0.8991819531320078
0.8219813261921148
0.7447806992522219
0.7447806992522218
0.8219813261921144
0.8991819531320071
0.9495909765660039
0.885786151379059
0.8219813261921141
0.8219813261921141
0.8857861513790588
0.9495909765660036
1.0
0.9495909765660032
0.8991819531320064
0.8991819531320064
0.9495909765660032
1.0

Patch vertices
[0.023196489734264823, -0.013403853963480098, 0.02682202550820625]
[0.028266894793937503, -0.016319899318434732, -0.030053939346070067]
[0.013166341468273375, 0.022155088932525574, 0.02682202550820625]
[0.01503388932473, 0.02603946014579972, -0.029119171820216623]
[-0.023128159944127803, 0.012601339723329162, 0.02682202550820625]
[-0.024061263330377215, 0.013891776860835765, -0.028288999700756556]
[-0.012951055521331415, -0.020620422843832843, 0.02682202550820625]
[-0.014332211116519177, -0.024824117838614757, -0.02860914001187499]

Patch connectivity
[0, 1, 2, 3]
[2, 3, 4, 5]
[6, 7, 4, 5]
[0, 1, 6, 7]
[1, 7, 3, 5]

Number of elements per boundary
(0, 1):4
(2, 3):4
(0, 2):4
(1, 3):4
(4, 5):4
(2, 4):4
(3, 5):4
(6, 7):4
(6, 4):4
(7, 5):4
(0, 6):4
(1, 7):4


Knot values per boundary
(0, 1):[0.0, 0.25, 0.5, 0.75, 1]
(2, 3):[0.0, 0.25, 0.5, 0.75, 1]
(0, 2):[0.0, 0.25, 0.5, 0.75, 1]
(1, 3):[0.0, 0.25, 0.5, 0.75, 1]
(4, 5):[0.0, 0.25, 0.5, 0.75, 1]
(2, 4):[0.0, 0.25, 0.5, 0.75, 1]
(3, 5):[0.0, 0.25, 0.5, 0.75, 1]
(6, 7):[0.0, 0.25, 0.5, 0.75, 1]
(6, 4):[0.0, 0.25, 0.5, 0.75, 1]
(7, 5):[0.0, 0.25, 0.5, 0.75, 1]
(0, 6):[0.0, 0.25, 0.5, 0.75, 1]
(1, 7):[0.0, 0.25, 0.5, 0.75, 1]


Knot multiplicity per boundary
(0, 1):[3, 1, 1, 1, 3]
(2, 3):[3, 1, 1, 1, 3]
(0, 2):[3, 1, 1, 1, 3]
(1, 3):[3, 1, 1, 1, 3]
(4, 5):[3, 1, 1, 1, 3]
(2, 4):[3, 1, 1, 1, 3]
(3, 5):[3, 1, 1, 1, 3]
(6, 7):[3, 1, 1, 1, 3]
(6, 4):[3, 1, 1, 1, 3]
(7, 5):[3, 1, 1, 1, 3]
(0, 6):[3, 1, 1, 1, 3]
(1, 7):[3, 1, 1, 1, 3]


