30.094171    0.350102
30.030527    0.288409
30.033551    0.244616
30.036576    0.200823
30.039600    0.157030
30.042624    0.113237
30.045649    0.069444
30.252136    0.450674
30.022366    0.406580
30.349106    0.591661
30.285631    0.527535
30.221043    0.496254
30.475194    0.732426
30.411646    0.669342
30.277998    0.638060
30.599770    0.895087
30.535934    0.836174
30.538958    0.792381
31.918144    0.999915
34.870661    0.997788
37.722864    0.994690
40.575256    0.988861
43.427894    0.979458
46.281006    0.963202
49.134982    0.934434
51.582373    0.893467
53.283105    0.848302
54.508475    0.803584
55.495994    0.757977
56.853634    0.662672
56.178091    0.717334
57.559726    0.587109
57.990072    0.536171
58.346502    0.488002
58.730454    0.434620
59.019458    0.379517
59.192388    0.333641
59.555720    0.283856
59.804079    0.227345
60.079326    0.174796
60.408767    0.124125
61.009799    0.073844
62.803174    0.012464
65.768059    0.002246
67.601541    0.001372